12359
33868
47549
47815
17762
65471
21485
64981
58034
55758
56018
51384
3202
21676
27872
49400
38738
22650
35277
629
18861
24193
55452
54496
49812
34271
55674
55094
5964
15329
29602
12639
15636
44810
53663
41856
38797
35679
17003
64022
63436
58520
19422
25579
7206
24638
58654
58739
19047
37391
1618
4781
63265
33059
43101
57123
61900
43002
45947
41411
12365
44390
43364
61902
55812
3187
30276
14767
29730
58803
24275
24132
15375
2575
34852
41738
37445
48427
56031
43133
27972
49504
48815
34676
51953
34880
18115
19718
64333
13689
17691
33955
64499
55030
27301
50125
21749
26668
9599
57994
30462
2106
36955
28511
19763
7926
11488
7146
60553
60549
45744
6652
15173
21952
19537
20151
24441
24067
46622
44080
22458
6388
55468
6196
34631
27869
23324
56005
15295
31886
61877
22181
24419
15984
46453
42030
5392
43556
59564
51446
58383
1676
14154
38879
13918
35848
46489
35521
9704
37378
51631
3106
10514
28688
27106
63886
61137
45603
3
39251
19122
6293
5609
42547
11283
30954
11899
27554
19805
5817
50887
37809
12995
40448
3971
16063
43033
62737
6249
11006
48343
38096
44756
8470
8431
44596
22426
63871
11893
54357
33923
28275
8205
9936
22208
34374
19559
37215
1370
52279
26725
59215
59234
18487
3511
46195
28977
21375
10121
7457
25009
3512
39911
9359
21296
32737
3006
57
49833
62610
58956
39006
64286
60314
13433
5464
45202
26389
26221
65469
12856
23638
24260
27179
9447
29119
54399
16284
37149
9713
42058
54365
37362
10977
37977
27264
10199
29400
33017
28956
6563
54283
38012
55380
39961
37854
39042
7869
53873
54075
12800
32832
32032
5047
57890
28273
9798
40990
30091
49062
20450
60535
30328
38975
3791
18384
42664
18840
49528
59312
14433
20404
20901
14318
50196
21070
32997
58388
63251
62460
58928
38906
59616
10874
31917
30147
29929
31315
24124
38472
1920
26246
41952
6308
62378
40450
33170
46082
44322
24080
54660
63071
33850
21853
19487
18945
45287
18482
23689
5109
23790
18287
9588
13950
52177
31085
12724
38136
59138
582
30623
57810
6036
20553
16419
42205
2285
65050
49849
36575
23429
11767
5213
33024
28802
3503
59808
14795
57442
28810
45327
4159
17703
47293
48055
7707
15537
50332
49132
28486
46992
8499
44712
23413
11493
19563
63563
56063
22971
32929
21118
5756
5014
2758
24699
27828
1836
65329
18845
57750
12139
47190
490
11732
27295
41426
30037
12181
60817
43545
50074
9078
56230
20903
38715
4240
212
47139
24953
5118
25591
35534
56932
32603
3770
9199
58009
62340
14683
5380
46908
5236
54583
21978
33634
5602
56954
17610
48025
2397
42196
59802
50233
32651
27140
43016
53300
5544
60514
59833
12343
61576
10473
44387
21437
54572
23702
19056
31454
36675
60827
51615
49953
5439
56103
44151
50941
27391
58271
56040
24000
40151
5701
12429
17447
26656
43986
3527
9135
49644
2694
44247
54114
35493
56115
21534
65334
25749
13987
58728
3847
64880
45853
37497
2610
46748
35232
33142
58603
42831
3885
1158
42762
35990
20786
22307
60747
39121
4693
64911
37970
54198
36744
20445
52246
8284
4560
5680
14691
11756
10442
38820
13714
56345
39404
3261
10601
41980
18916
478
41583
45988
11767
6664
16831
54181
17285
36459
23235
15766
37296
16505
55192
65039
54622
49709
17047
46931
10
10156
8259
57600
36606
5685
48616
24507
45101
27390
24212
21406
31984
6468
5446
47009
28415
56778
26427
13767
53730
65373
65420
58666
57496
11326
48410
24366
40193
17285
22585
14707
12919
27641
56786
57812
59351
45057
38275
41511
42070
41961
22056
8593
51026
39329
17432
41693
21228
3867
56570
63668
1211
23279
43563
19563
7441
57962
730
24571
1226
9290
46670
35464
20722
43331
64398
54890
31787
1618
35358
2656
3175
57843
42503
5048
20998
46110
17369
61184
57483
24099
16030
26209
51822
56102
9561
33467
22055
4233
5772
31890
46029
5856
55819
5858
26004
23793
17151
15739
56230
30317
26843
19840
53798
46096
30027
50890
32844
17131
21052
6892
40514
16607
5372
38978
52831
13610
30126
59236
31401
45409
17376
30148
47664
37365
40310
23290
10416
45329
43848
36417
44649
46113
64111
34969
17498
32610
53517
1106
39560
25612
27925
24283
53388
10512
14883
2949
58640
64598
13381
32761
11489
20255
53198
27547
42632
50139
32080
58388
53706
4815
54187
24885
23456
5464
23627
62359
19712
45548
11827
33206
60950
58674
59081
6529
32119
39721
2667
32349
36158
63049
34414
10168
64337
18055
32989
24793
20529
38612
7164
18909
60821
59878
35605
8658
1307
3756
14021
44324
19596
13890
38970
18486
57896
135
30645
30253
46360
42566
57978
38463
1525
57339
12883
6124
32363
35627
5231
42874
54952
18022
33131
41233
47337
61712
58537
51542
22510
24824
20549
8070
6684
43072
3323
17902
33181
60032
19609
52209
40713
15646
27215
53027
31155
9166
20642
18769
56138
27804
8458
46651
21989
1454
38918
59163
32959
44921
22854
8837
45571
30696
64877
32387
43192
51894
34171
34775
63965
45238
37378
13756
52450
61423
11600
13258
48762
157
6970
11889
11119
56471
58787
59156
53177
14000
26263
59066
34605
37683
30231
5742
7356
31118
60993
56900
53639
48670
11187
40142
36534
59823
64690
58240
20914
34681
65359
24318
10990
41428
22739
18187
18808
46654
34279
40643
51744
45739
34613
5533
60762
11428
38938
33317
40070
34544
55381
25398
49933
30796
15703
41359
33581
46516
53005
42069
7803
232
44694
17874
110
43132
58790
3187
33500
34374
13191
23878
8867
41832
23340
60172
8833
2812
13479
5517
21880
44448
32247
2797
38242
64803
7076
30139
30561
37030
56195
10649
9131
27339
33520
19175
59949
42320
55580
46835
44709
21545
50302
14178
38573
28048
31720
12163
22496
47525
12032
47894
1257
2632
37459
36355
33648
55361
2089
39387
47969
29898
1014
33555
46995
8962
2487
6830
4431
976
51316
23601
10535
60505
13919
14626
32999
11261
59614
50523
31164
24245
47832
2177
20494
40000
64164
56062
18727
22457
3726
13919
5895
52896
46633
21524
49639
62902
44759
53414
17920
58958
42606
59019
13503
11122
40605
12636
19345
15367
29302
27240
11605
31328
19417
14495
26514
18972
60507
43569
9917
1981
39780
52130
34513
49586
58662
16794
11316
40259
41696
58788
48527
29448
49141
25982
